Tue. Nov. 13, 2012             LANDSAT 5                 Time: 17:03
                         Image Assessment System
                           GCP Residual Report
----------------------------------------------------------------------------
WOID: L5178374            Path/Row: 170 / 072

L0R Reference Image: L51XXX1084174071700_HDF.123182149
Acquisition Date: Jun 22, 1984

Band Number:  5

GeoCover date for each WRS-2 path/row used:
Path  Row   Date
170   072   2000-09-30


Point_ID      Latitude  Longitude    Height       Across    Along    Residual  Residual
                                                   Scan      Scan      In y      in x
                                                 Residual  Residual    dir       dir
                (deg)     (deg)     (meters)     (meters)  (meters)  (meters)  (meters)

1700720001  -16.572871   30.459491  1037.686       0.210    -3.640     0.710    -3.573
1700720003  -17.796539   31.106117  1532.847      -4.846     0.101    -4.804    -0.560
1700720004  -17.738720   29.906176  1115.276       2.336    -3.019     2.725    -2.669
1700720005  -17.649699   30.126370  1246.443       3.296     4.040     2.709     4.448
1700720006  -16.867314   30.655683  1193.207      -5.034    -3.316    -4.523    -3.972
1700720007  -17.892402   29.982447  1029.373       0.419    -3.716     0.923    -3.621
1700720009  -17.731527   30.146268  1263.726       6.365     0.582     6.219     1.446
1700720014  -17.618901   30.040419  1171.382       0.405     1.692     0.169     1.730
1700720015  -17.821729   30.377894  1330.512       1.013    -0.258     1.037    -0.117
1700720017  -17.865615   31.020192  1457.783      -1.741    -3.075    -1.302    -3.277
1700720018  -17.701988   30.071842  1182.641      -0.259     2.318    -0.573     2.258
1700720019  -17.807361   30.000564  1080.178      -3.206     0.271    -3.209    -0.170
1700720020  -17.835326   29.969836  1073.446      -3.871    -6.500    -2.943    -6.963
1700720021  -17.425653   29.856201  1070.126      -5.627    -6.764    -4.642    -7.468
1700720022  -17.889833   30.009082  1071.959      -6.696    -2.860    -6.237    -3.746
1700720023  -17.852246   30.048744  1081.679       2.646    -2.295     2.933    -1.910
1700720024  -17.768256   30.138617  1242.621       7.624     2.884     7.150     3.896
1700720027  -17.505531   31.145034  1351.901      -6.431     1.135    -6.513     0.243
1700720029  -17.666803   30.073825  1153.903       2.879     2.468     2.512     2.836
1700720031  -17.326255   30.164449  1270.996      -5.096    -4.645    -4.405    -5.295
1700720033  -17.854766   30.277828  1259.599       0.726     6.346    -0.148     6.377
1700720036  -17.885656   30.201813  1192.123      -0.618    -3.883    -0.081    -3.926
1700720039  -17.742425   30.095212  1193.687       7.227     4.564     6.528     5.504
1700720040  -16.801516   30.782823  1305.950      -5.558     6.450    -6.383     5.613
1700720042  -16.906660   30.613253  1091.684      -4.650    -0.844    -4.484    -1.474
1700720043  -16.761168   31.173226  1122.400       5.396    -0.674     5.428     0.076
1700720045  -16.749797   31.512386   968.867       0.644    -1.484     0.840    -1.379
1700720046  -18.106138   30.256405  1184.633      -3.701    -1.110    -3.511    -1.603
1700720047  -17.776244   30.056215  1148.006       0.558     4.070    -0.003     4.104
1700720048  -17.794000   30.066103  1136.795       2.784     1.721     2.520     2.084
1700720049  -17.845108   29.937147  1035.794      -1.486    -3.746    -0.959    -3.911
1700720050  -16.747268   31.104712  1230.952       0.072    -4.377     0.673    -4.318
1700720051  -17.039374   29.749277  1232.923      -4.880    -2.183    -4.529    -2.832
1700720052  -16.834972   30.624002  1146.875       4.243     2.892     3.799     3.444
1700720055  -16.895422   30.672788  1180.018      -4.330     0.312    -4.326    -0.287
1700720056  -16.730623   30.743424  1265.574      -6.214     4.741    -6.797     3.833
1700720057  -16.610405   31.107747  1098.184       1.477    -4.105     2.026    -3.856
1700720058  -17.898464   30.443553  1338.602      -7.211     0.509    -7.201    -0.481
1700720059  -17.901167   31.106708  1505.917       2.346    -1.919     2.580    -1.577
1700720062  -16.789896   31.299026  1033.233      -2.845    -0.817    -2.701    -1.199
1700720065  -16.764821   31.097504  1209.655       3.645     1.732     3.364     2.214
1700720067  -16.992117   30.005395  1092.647       5.880     0.170     5.796     0.978
1700720069  -16.873820   30.959882  1330.550      -5.243     3.217    -5.627     2.460
1700720071  -17.976926   31.038779  1426.581      -0.814     3.696    -1.309     3.544
1700720072  -16.700521   30.270002  1117.881       4.746    -4.267     5.283    -3.567
1700720073  -17.698251   29.898959  1066.036      -5.628    -3.712    -5.062    -4.445
1700720075  -17.436807   30.667152  1396.961      -7.480    -0.916    -7.271    -1.930
1700720077  -17.482616   31.217857  1389.468      -3.930    -0.856    -3.768    -1.384
1700720078  -16.954481   30.719086  1289.442      -6.639    -4.409    -5.959    -5.273
1700720079  -17.850617   30.030669  1072.913      -6.590    -6.245    -5.670    -7.082
1700720080  -16.734262   30.804416  1316.721      -0.327     1.470    -0.526     1.409
1700720081  -17.489124   30.149513  1231.334       1.551    -4.931     2.210    -4.666
1700720084  -17.467088   30.200100  1158.641       2.934    -2.612     3.261    -2.182
1700720085  -18.031597   31.058006  1407.033       5.475     0.481     5.346     1.221
1700720090  -16.718154   31.152539  1182.092       2.310     4.406     1.677     4.674
1700720091  -16.797183   30.145713  1111.406       5.478    -3.869     5.954    -3.073
1700720092  -18.158238   30.651520  1303.236       4.432     2.478     4.046     3.054
1700720095  -17.309289   31.330441  1119.393      -2.979    -0.839    -2.831    -1.237
1700720098  -17.778108   31.050862  1532.259      -4.932     0.015    -4.877    -0.658
1700720100  -17.734445   30.032590  1154.666       4.410     3.374     3.904     3.942
1700720101  -16.666529   30.993868  1227.823      -4.945    -0.067    -4.880    -0.747
1700720102  -17.029023   29.991574  1102.256       6.670     4.706     5.955     5.575
1700720103  -17.836398   30.075590  1100.685      -4.584     3.025    -4.949     2.368
1700720105  -17.071369   31.038060  1258.673      -0.181    -5.080     0.519    -5.048
1700720106  -17.480896   30.461597  1286.601       4.182     4.558     3.513     5.081
1700720107  -17.247163   31.357520  1010.390       0.331    -2.115     0.617    -2.047
1700720108  -17.647776   30.051248  1159.677       1.246     2.471     0.895     2.616
1700720110  -16.635959   30.812005  1268.597      -3.516     1.072    -3.625     0.576
1700720114  -17.884670   30.975540  1448.032       1.519     0.369     1.450     0.572
1700720115  -17.472948   29.619205   985.552       4.061     0.117     4.006     0.673
1700720119  -16.577876   30.728351  1223.971      -2.890    -0.010    -2.857    -0.409
1700720120  -18.044588   30.329861  1236.329      -0.947    -2.438    -0.604    -2.541
1700720121  -16.879839   31.049059  1308.957      -4.244     5.500    -4.953     4.854
1700720123  -16.708823   30.782490  1267.876      -1.880     3.025    -2.276     2.732
1700720124  -17.813299   30.070594  1127.627       2.385     3.148     1.931     3.441
1700720125  -18.134592   30.373552  1208.262      -4.085     1.189    -4.204     0.620
1700720127  -17.262167   30.115527  1201.486       3.007    -2.929     3.378    -2.486
1700720128  -16.733693   29.931315  1150.529      -2.546    -3.137    -2.087    -3.456
1700720129  -18.055072   30.383233  1257.859      -0.431    -1.829    -0.177    -1.868
1700720131  -16.883037   31.130390  1246.379       0.701    -4.837     1.358    -4.686
1700720133  -16.616338   30.751229  1256.499      -6.991     1.788    -7.160     0.804
1700720135  -16.728416   30.310375  1158.515      -4.788    -1.122    -4.582    -1.770
1700720136  -17.916505   30.987635  1424.094       3.260    -5.843     4.019    -5.333
1700720140  -17.583030   30.751177  1420.850      -5.132    -0.366    -5.025    -1.064
1700720142  -17.124095   30.465645  1196.717      -1.573    -1.105    -1.404    -1.309
1700720145  -17.520670   30.415296  1335.211       1.627    -2.352     1.931    -2.104
1700720146  -17.910008   29.731221  1019.426       0.062    -1.743     0.300    -1.718
1700720148  -18.023790   29.932371  1094.251      -4.683    -0.366    -4.585    -1.002
1700720149  -16.868135   30.680159  1191.289       0.998     0.289     0.947     0.423
1700720151  -16.769878   31.271628  1090.191      -5.432     1.134    -5.528     0.374
1700720153  -17.611648   30.062569  1183.148       5.504    -0.746     5.548     0.016
1700720154  -16.697768   30.307993  1107.058      -0.734    -0.199    -0.698    -0.298
1700720161  -16.922389   30.591097  1077.775       5.880    -6.664     6.733    -5.783
1700720163  -18.109766   30.282979  1201.378       3.853    -1.412     4.005    -0.872
1700720164  -17.827141   31.048349  1506.753      -0.553    -1.474    -0.346    -1.532
1700720165  -17.852463   31.087413  1499.670      -3.055     1.567    -3.234     1.132
1700720166  -17.460002   30.926352  1350.598      -2.466    -1.830    -2.188    -2.147
1700720169  -17.865904   30.074259  1085.460      -3.504     7.015    -4.426     6.464
1700720170  -16.867646   30.637385  1172.810      -1.528    -1.862    -1.255    -2.052
1700720172  -16.534264   30.493708  1072.504       0.249     2.218    -0.059     2.228
1700720173  -17.619100   30.421243  1419.184      -2.230     3.550    -2.691     3.206
1700720175  -17.102982   29.815201  1180.868       0.852     6.843    -0.096     6.890
1700720179  -16.757340   30.410930  1059.955       7.544    -2.063     7.748    -1.002
1700720182  -17.416959   30.483651  1235.287       5.944     1.276     5.705     2.076
1700720186  -17.759779   31.088683  1540.544      -4.184     0.075    -4.146    -0.496
1700720187  -16.908515   29.780226  1215.941      -1.795     5.380    -2.516     5.077
1700720189  -16.577810   30.697719  1170.426      -0.530    -2.001    -0.248    -2.052
1700720191  -16.940454   30.653089  1192.147      -6.304    -1.408    -6.041    -2.259
1700720193  -17.128292   31.308383  1162.506       3.666    -1.628     3.848    -1.107
1700720194  -16.663497   30.447334   861.951      -4.284    -1.598    -4.019    -2.172
1700720195  -16.994749   31.019141  1240.394       5.039    -0.964     5.114    -0.261
1700720197  -16.821983   31.278193  1008.870       2.269     0.161     2.221     0.472
1700720199  -17.527656   30.289249  1255.246       1.430     4.013     0.866     4.166
1700720201  -16.929788   30.097283  1125.426       6.528     0.050     6.453     0.948
1700720206  -16.631134   30.459849  1059.074      -0.936    -1.576    -0.708    -1.689
1700720209  -16.931049   30.831993  1486.056      -2.160    -4.434    -1.526    -4.680
1700720211  -17.696462   30.156715  1252.913       3.615     0.184     3.551     0.676
1700720215  -16.778861   31.062473  1204.019       3.421     3.520     2.898     3.951
1700720216  -17.436477   31.066386  1175.447       5.633     3.134     5.140     3.871
1700720218  -16.711720   31.071309  1146.529       7.349     3.013     6.852     3.991
1700720219  -16.950429   30.696046  1261.633      -2.811    -4.107    -2.216    -4.448
1700720220  -17.843765   31.112693  1520.362       1.734     2.589     1.360     2.796
1700720221  -17.825390   30.028259  1084.325      -7.871     0.464    -7.853    -0.616
1700720222  -17.809087   30.778914  1386.458       5.196    -4.745     5.785    -3.983
1700720226  -17.213973   31.097763  1162.265       5.808     3.712     5.234     4.467
1700720228  -16.896051   31.072261  1282.759       6.198     6.468     5.237     7.247
1700720230  -16.940823   29.768140  1214.341       0.282     3.429    -0.192     3.432
1700720233  -17.834923   31.067790  1475.652      -0.348    -2.989     0.064    -3.002
1700720235  -16.651983   30.665910  1109.322       3.037     2.328     2.683     2.722
1700720236  -17.889581   31.004923  1429.869       3.467     4.783     2.774     5.201
1700720237  -16.997632   29.764071  1201.493      -3.287     3.863    -3.783     3.370
1700720238  -17.004238   30.569211  1140.516      -0.215    -1.889     0.047    -1.898
1700720239  -17.584842   30.100001  1200.760       1.366     0.481     1.287     0.663
1700720241  -17.534945   30.307214  1260.013       6.621     3.420     6.082     4.290
1700720242  -16.939663   31.187565  1102.258       6.290     0.576     6.140     1.433
1700720244  -16.635041   31.324862  1044.509       3.188     0.768     3.046     1.199
1700720245  -18.019638   30.427934  1250.271      -2.188     2.785    -2.545     2.457
1700720247  -17.592825   30.827350  1428.500       3.148    -1.324     3.293    -0.879
